1. N=4

log_sum_verify:6.614710,L+1:7
[[(7508410228683482402, 7976531720164390327, 0), (7039178652349399025, 7011257161649043804, 0)]]


2. N=5

log_sum_verify:9.917372,L+1:10
[[(15027728515110776160, 6877142203759563217, 0), (11047343153523233744, 9999096747632556071, 0)]]


3. N=6

log_sum_verify:12.976564,L+1:13
[[(3978053920827369818, 11054388833269671370, 0), (12866554063376284852, 7184824262592905636, 0)], [(2518943285644269724, 14873477216689491066, 0), (6441502633698095110, 12218364228286469919, 0)], [(17153654531741497172, 1703088510914703640, 0), (1290545805359710699, 7400336371068853264, 0)], [(4661506850589935335, 7924988644656574628, 0), (942529677150498483, 5721112281320037429, 0)]]
9.385716438293457 0.9768450260162354 0.8325724601745605